20
0.9967970074093627 0.5938072376732895 0.26832040280542335 0.9895499569205147 0.8113400659229348 0.5794871743628289 0.9313620082624193 0.5944494574143909 0.42675498062834594 0.5611988716360217 0.45182938134014317 0.38240770279968195 0.9942899250479068 0.8162946849065249 0.28336546113828154 0.8047235410939546 0.6941908318725502 0.40683121694663016 0.23190291957019793 0.26441503804848887 
0.0 0.142708568278057 0.32211696558489633 0.400731961661579 -0.2514164844439157 0.4747074787632799 -0.10737149748045993 -0.14871116675676732 0.27980261459215744 0.20750124838201578 -0.11897929697296672 0.17181528011085917 0.27019287398314507 0.484978506013745 0.7967309552028286 -0.307073569162643 -0.2006064394485304 0.4205638384468576 -0.08571756886201841 0.01679024687705999 
0.0 0.0 0.8190291799703837 0.5875145524310105 -0.6832289631790713 0.9531058085857658 -0.6534420732408445 0.37337653714940733 0.15197689627096922 0.05131476712680122 -0.06780185796538037 0.7945098132853126 0.4066677747592319 0.5035807768954885 0.9773947463622353 -0.07443013607770688 -0.5671752024708291 0.9242130861865336 0.10365354026612489 0.18458702576816036 
0.0 0.0 0.0 0.5169645334671349 -0.0962915220298049 0.4091979467196848 0.7021608876933157 0.2992196702005757 0.5322831091555562 0.006168951380223792 0.7305747535886133 0.53976299525821 -0.13913888768954977 0.5729369161587751 0.7479712295527032 0.2758072347967388 0.030539775987142692 0.7181270924744012 0.717720437982201 0.3573984831238766 
0.0 0.0 0.0 0.0 0.2934034527466348 0.04560397707321209 0.7989278205272932 0.30566387333603984 0.7690676080965596 0.777782724326883 0.25297791511602497 0.11216834000182706 0.07095553229236613 0.1369019099707212 0.02523496871087319 -0.19060997878757552 0.633048122281109 -0.03424448537608075 0.28234230510361263 0.08208469564458729 
0.0 0.0 0.0 0.0 0.0 -0.6011259578140021 -1.2678470180481376 0.7014465981400316 -1.111823491622246 -1.913888858303591 0.5187763156675272 0.6597539283246698 -0.2170844875744464 -0.7861521415656946 -1.2598385934503864 1.9800089377708217 -0.6627537762320781 0.6162074793571208 0.4211276618724711 0.5588231871262076 
0.0 0.0 0.0 0.0 0.0 0.0 -0.9141966097633365 -0.3485589340701598 -0.9618426431343218 -1.8847875298353403 0.8339635067418575 0.09601168221261827 -0.6900423348908282 -0.1470953372366142 0.7360710115165969 0.202222166688814 -1.1833726649305665 0.46143948680212915 0.34822122439200603 0.05117823182631791 
0.0 0.0 0.0 0.0 0.0 0.0 0.0 1.9038420581196018 -0.26125764999055306 -3.318867182350302 2.5037109332200425 1.6991075715027015 -1.6878065162860827 -0.3705074202061396 -0.5638269446332169 3.113958297999835 -1.1698672632653766 2.1531690532297025 2.875123387329969 1.8012104033766165 
0.0 0.0 0.0 0.0 0.0 0.0 0.0 0.0 -1.539167589124838 -0.9218409182430021 -0.6132983065491049 -0.371523476261147 0.08941189638165536 -0.1554570524046553 -1.6802990865190375 1.4090004012988735 -0.3745353350131361 -0.5608729119437008 0.1482463644290073 0.5863138948027329 
0.0 0.0 0.0 0.0 0.0 0.0 0.0 0.0 0.0 2.337484309480894 -1.0389949468337387 0.22912298823538355 1.1441465985167283 -0.13417578158277305 -1.4324288845876976 -0.5899537460942171 0.9603813723714733 -1.3081144217623306 -0.42245727987084625 -0.15562294815736327 
0.0 0.0 0.0 0.0 0.0 0.0 0.0 0.0 0.0 0.0 1.1582935899606135 0.9118201927605616 -0.5604532957747952 0.09659197774663501 2.25322737392269 -0.7724328041955966 -0.5564913682460194 0.19295040445696204 0.059380960802250665 -0.2541213452044588 
0.0 0.0 0.0 0.0 0.0 -5.551115123125783E-17 0.0 0.0 0.0 0.0 0.0 0.3799219346286804 -0.399652260669623 0.3285533939635217 4.099265744988064 -0.5018368443817635 -0.5250853037984727 1.4142861761573668 -1.838936143477528 -0.5840745513159182 
0.0 0.0 0.0 0.0 0.0 3.5223763664974503E-17 0.0 0.0 0.0 0.0 0.0 0.0 0.6127963979043382 0.050109277195436064 -5.960341129962524 1.778585165357237 0.7907669898050609 -0.34074861453750527 3.8415667257505977 1.7291055590473148 
0.0 0.0 0.0 0.0 0.0 -2.9836724804670305E-17 0.0 0.0 0.0 0.0 0.0 0.0 0.0 4.592263921993078E-6 -6.120541850563255 3.5125428420251827 1.3850982593188523 1.466185501985488 5.2299547147412015 2.632697382942724 
0.0 0.0 0.0 0.0 0.0 1.792306551114935E-17 0.0 0.0 0.0 0.0 0.0 0.0 0.0 -0.03850098790311192 -5.050652804917631 2.0483257971411404 0.9761852130949622 0.9874385696985557 4.437990698931662 2.464080659032629 
0.0 0.0 0.0 0.0 0.0 7.553778611124777E-17 0.0 0.0 0.0 0.0 0.0 0.0 0.0 -0.8090699688053877 -3.7745489377903327 0.7949137544306621 0.6741674766462967 -1.5199510086885029 0.7684756315913592 0.644683102996072 
0.0 0.0 0.0 0.0 0.0 6.929278758743452E-17 0.0 0.0 0.0 0.0 0.0 0.0 0.0 -0.7090722006584366 4.978652972194899 -1.052842282167199 0.27226747929764905 1.2860518272515569 -4.165889877735616 -1.7704688931578354 
0.0 0.0 0.0 0.0 0.0 -2.0385909899728802E-17 0.0 0.0 0.0 0.0 0.0 -5.551115123125783E-17 0.0 -0.22220936248607137 -0.5307469786311767 0.35822239781355636 -0.2806438763011795 1.4579676146536846 1.4732115045987793 0.18394791870739047 
0.0 0.0 0.0 0.0 0.0 -8.11429210164321E-17 0.0 0.0 0.0 0.0 0.0 0.0 0.0 0.710174614613525 -1.7697111890279507 1.1809853033577908 1.2560804916858779 2.0280040200742167 1.7807997664775153 1.5120684598006116 
0.0 0.0 0.0 0.0 2.7755575615628914E-17 2.1667501874665815E-18 0.0 0.0 0.0 4.440892098500626E-16 -6.938893903907228E-18 0.0 0.0 0.19361002245095582 0.032336796844378846 0.4133017260200758 -0.05180968974542033 1.1465882276383281 0.12216215155139798 -0.22588207256813253 
0.9109236051265933 0.9547073433297979 0.9140901803806193 0.09965689075808959 0.32810884614354907 0.662625153092157 0.8242342600091003 0.7422834447820027 0.630320764611207 0.1429702556416227 0.10797541287631873 0.27465993333325023 0.8155670739902785 0.9531110073806045 0.3934069926100635 0.8807172088715877 0.8663312723663995 0.5969206898725762 0.1719928115777728 0.5387030623161236 
